0.000000    1.488 
0.020000    1.503 
0.040000    1.509 
0.060000    1.521 
0.080000    1.531 
0.100000    1.523 
0.120000    1.516 
0.140000    1.5209 
0.160000    1.5217 
0.180000    1.5652 
0.200000    1.549 
0.220000    1.546 
0.240000    1.554 
0.260000    1.554 
0.280000    1.547 
0.300000    1.560 
0.320000    1.583 
0.340000    1.579 
0.360000    1.563 
0.380000    1.570 
0.400000    1.5811 
0.420000    1.5735 
0.440000    1.579 
0.460000    1.5637 
0.480000    1.5809 
0.500000    1.5749 
0.520000    1.558 
0.540000    1.584 
0.560000    1.562 
0.580000    1.5533 
0.600000    1.545 
0.620000    1.535 
0.640000    1.526 
0.660000    1.5297 
0.680000    1.495 
0.700000    1.5082 
0.720000    1.4884 
0.740000    1.452 
0.760000    1.429 
0.780000    1.417 
0.800000    1.388 
0.820000    1.3573 
0.840000    1.3006 
0.860000    1.289 
0.880000    1.245 
0.900000    1.208 
0.920000    1.165 
0.940000    1.0865 
0.960000    1.077 
0.980000    0.9867 
1.000000    0.898 
